807095 237477771
807095 353847680
807095 14116915
807095 14480378
807095 257142675
807095 21056978
807095 2358244638
807095 633166200
807095 315142011
807095 18916926
807095 28175824
807095 30695346
807095 20454297
807095 15990038
807095 2343678498
807095 39379075
807095 263696130
807095 30699754
807095 16244449
807095 191590691
807095 36609877
807095 1427982906
807095 71320032
807095 33391760
807095 217304598
807095 16038123
807095 2317790305
807095 545423953
807095 375662595
807095 20156726
807095 935171022
807095 38509261
807095 45808079
807095 101529977
807095 20795881
807095 76343911
807095 62032351
807095 6476742
807095 17367664
807095 52481271
807095 828068090
807095 15704272
807095 15611246
807095 31471844
807095 9797342
807095 27139170
807095 958412792
807095 360620067
807095 12594742
807095 17877879
807095 16951059
807095 13966522
807095 21574779
807095 29375506
807095 18840478
807095 71821409
807095 260964292
807095 18811422
807095 128473383
807095 1594256965
807095 28081724
807095 247854534
807095 23903446
807095 48724390
807095 643083
807095 15211340
807095 188410430
807095 97682949
807095 2351831
807095 355016568
807095 30291486
807095 27618726
807095 1858027897
807095 321810186
807095 2195241
807095 250026838
807095 47769497
807095 18950645
807095 336020675
807095 255944294
807095 199020514
807095 132241885
807095 48023374
807095 19383099
807095 37269308
807095 156016878
807095 234087403
807095 1665580856
807095 15586316
807095 51229210
807095 312544085
807095 462169232
807095 267308226
807095 94593839
807095 300497193
807095 168684891
807095 2211478945
807095 292936667
807095 1977579223
807095 102658187
807095 17659329
807095 526633940
807095 327577091
807095 874916178
807095 463765807
807095 22723307
807095 23741868
807095 39086606
807095 57640348
807095 148099654
807095 267328866
807095 45749162
807095 70463971
807095 868358876
807095 265491747
807095 946677414
807095 35644661
807095 237453428
807095 14412101
807095 48075643
807095 20946110
807095 383207452
807095 262968760
807095 11613712
807095 2155069154
807095 183639717
807095 1293531589
807095 82968346
807095 155634643
807095 1337490036
807095 14275423
807095 281818050
807095 37247374
807095 87584353
807095 1961041837
807095 24199781
807095 18059424
807095 82853
807095 21460110
807095 22834340
807095 85142160
807095 240790984
807095 79569980
807095 131277152
807095 334733583
807095 788697546
807095 372690456
807095 51777236
807095 27799349
807095 133770568
807095 50387337
807095 24937393
807095 509032366
807095 14872551
807095 52160722
807095 326562333
807095 17452080
807095 9464552
807095 33915226
807095 249013720
807095 183268101
807095 1154524328
807095 9874512
807095 1201619390
807095 150726712
807095 61384123
807095 17853152
807095 16569107
807095 1668444913
807095 279655313
807095 268362505
807095 165177737
807095 123374553
807095 37862759
807095 41118043
807095 147967582
807095 17809607
807095 17822855
807095 16220341
807095 29765346
807095 203141216
807095 141545751
807095 373729837
807095 109921890
807095 115505593
807095 19536396
807095 409462343
807095 17890544
807095 408345967
807095 18528216
807095 1483971788
807095 20397808
807095 14714825
807095 19367477
807095 69892375
807095 1316811403
807095 269399083
807095 3630501
807095 372386913
807095 249060131
807095 486997945
807095 95273012
807095 135117679
807095 16258157
807095 1435777862
807095 80395276
807095 67418458
807095 238282392
807095 66144864
807095 35286407
807095 18678924
807095 620632841
807095 43230234
807095 333517999
807095 1347226375
807095 504720945
807095 257540457
807095 273581084
807095 41940910
807095 299734693
807095 22387220
807095 74249819
807095 1378279770
807095 73112660
807095 270493105
807095 47408194
807095 876114956
807095 281196299
807095 462424772
807095 347276428
807095 871989314
807095 47387027
807095 31178767
807095 139870125
807095 376327986
807095 883187275
807095 387531939
807095 57713065
807095 94213060
807095 50383514
807095 17463137
807095 305125998
807095 1280318305
807095 772323
807095 107246587
807095 16408959
807095 24715018
807095 1080504728
807095 1247237509
807095 15238841
807095 526787104
807095 20384034
807095 1225954434
807095 382734543
807095 460408325
807095 1184637614
807095 22895484
807095 259859429
807095 423615378
807095 68522205
807095 620069722
807095 436347713
807095 60385618
807095 72957895
807095 135991884
807095 55931030
807095 15678926
807095 212390504
807095 83041033
807095 63320711
807095 26336913
807095 18913236
807095 15908429
807095 80465166
807095 363302768
807095 243782937
807095 93434344
807095 560376256
807095 569194982
807095 16297720
807095 39581173
807095 26293094
807095 16540063
807095 181271937
807095 208163898
807095 13404292
807095 82379654
807095 4129641
807095 24778284
807095 464854839
807095 14699813
807095 15383427
807095 199766003
807095 18450088
807095 39317107
807095 43593
807095 363887554
807095 14873684
807095 436062329
807095 351768289
807095 15062129
807095 39574433
807095 404911747
807095 218276360
807095 15521258
807095 87986621
807095 15245975
807095 18507983
807095 171920011
807095 17001646
807095 42467881
807095 253004443
807095 633726625
807095 49943475
807095 47469109
807095 4628121
807095 713369978
807095 17914013
807095 120185048
807095 33900304
807095 377308500
807095 774478651
807095 777332384
807095 18659829
807095 461908717
807095 1440641
807095 429685724
807095 241169811
807095 340094374
807095 269170324
807095 16459757
807095 326381630
807095 245716552
807095 353263514
807095 400344850
807095 17601988
807095 21857316
807095 394336510
807095 48100047
807095 69755462
807095 135713596
807095 14325025
807095 247359669
807095 373791638
807095 21768766
807095 127791708
807095 106444076
807095 41620634
807095 22881265
807095 485766720
807095 18827552
807095 714697231
807095 353239744
807095 32129706
807095 61817626
807095 54165761
807095 705082592
807095 346083895
807095 332617059
807095 633980404
807095 376874857
807095 104339970
807095 460470940
807095 613714169
807095 17784665
807095 74558185
807095 577685565
807095 19803605
807095 540282330
807095 419048186
807095 341118458
807095 483688818
807095 189244927
807095 91069414
807095 43289988
807095 54148929
807095 429455200
807095 44722598
807095 15829626
807095 602017969
807095 557846474
807095 220533855
807095 437235053
807095 11545652
807095 599454226
807095 26548553
807095 17898937
807095 37281592
807095 86640232
807095 236017119
807095 15187074
807095 25096930
807095 519785351
807095 123327472
807095 130647368
807095 16296332
807095 242765117
807095 302236263
807095 34055555
807095 55190116
807095 18490480
807095 98927466
807095 22872168
807095 1903371
807095 526568758
807095 519806466
807095 5660682
807095 1838791
807095 772759
807095 36106011
807095 313700178
807095 135215435
807095 450577886
807095 341924686
807095 250765341
807095 466649398
807095 66822783
807095 101508803
807095 51530226
807095 15181734
807095 271583900
807095 14366976
807095 165864348
807095 73963286
807095 19113435
807095 8912232
807095 15309384
807095 2341001
807095 33999013
807095 80829085
807095 16463786
807095 186284229
807095 15812438
807095 74762619
807095 15963468
807095 47408482
807095 39621239
807095 122792963
807095 255347566
807095 288668776
807095 92409158
807095 297071736
807095 48377263
807095 35869256
807095 12376942
807095 33761202
807095 44366594
807095 269448653
807095 28258330
807095 41310247
807095 280055962
807095 379379520
807095 6741982
807095 22056037
807095 21417247
807095 369089298
807095 104908543
807095 50339158
807095 17737614
807095 131315938
807095 15418253
807095 29475191
807095 47960267
807095 45587483
807095 259317559
807095 69103442
807095 14683257
807095 21734241
807095 17091688
807095 381646547
807095 382217070
807095 2325431
807095 342515338
807095 317500117
807095 355671913
807095 263275988
807095 92119359
807095 8984352
807095 312776147
807095 326834507
807095 326369670
807095 149119936
807095 107163055
807095 29478953
807095 305005427
807095 18684952
807095 21415998
807095 375367337
807095 27729889
807095 87271106
807095 339824133
807095 183213825
807095 96294686
807095 15593561
807095 22410909
807095 15369869
807095 255392715
807095 26809626
807095 23177276
807095 157009365
807095 40375110
807095 39245720
807095 34494824
807095 9710612
807095 14871536
807095 15450292
807095 13644362
807095 146271909
807095 5452482
807095 314301334
807095 17164414
807095 16313769
807095 351944380
807095 167411876
807095 20459511
807095 106137204
807095 168780835
807095 28439828
807095 373437924
807095 7140202
807095 32551884
807095 147666113
807095 120233868
807095 129911798
807095 34196922
807095 1634051
807095 363722449
807095 63217511
807095 369684457
807095 369123575
807095 119491006
807095 19476868
807095 57743032
807095 76036920
807095 323468251
807095 171811536
807095 267192107
807095 113635822
807095 22159703
807095 18918784
807095 7612712
807095 16929470
807095 236657680
807095 68044757
807095 29752603
807095 339332911
807095 342169653
807095 200663992
807095 7213802
807095 243840731
807095 156368864
807095 18945768
807095 339719556
807095 17342267
807095 336130457
807095 15716291
807095 87761810
807095 15223418
807095 15133502
807095 16866844
807095 262937086
807095 305547898
807095 176922637
807095 273668513
807095 291783943
807095 75031613
807095 294258287
807095 17290577
807095 109134468
807095 243798637
807095 108171720
807095 318502583
807095 56318573
807095 16257487
807095 19560540
807095 123323498
807095 81220455
807095 309937733
807095 74519287
807095 14089446
807095 133929829
807095 249307732
807095 238088181
807095 213397244
807095 32702382
807095 304637493
807095 50996697
807095 85351514
807095 182545611
807095 301012485
807095 11136082
807095 244997595
807095 251679630
807095 33919343
807095 261289053
807095 245447064
807095 226453985
807095 60625486
807095 15736557
807095 16911536
807095 17717552
807095 29474774
807095 14434011
807095 224741372
807095 138299775
807095 285186224
807095 282545479
807095 673953
807095 255719070
807095 33547196
807095 214641138
807095 22730280
807095 14861368
807095 267335725
807095 175436190
807095 268476335
807095 268447372
807095 161813561
807095 181272163
807095 259395895
807095 24134103
807095 19789414
807095 14850098
807095 42718180
807095 258885469
807095 19593954
807095 16028003
807095 8041772
807095 177624460
807095 81644488
807095 24889586
807095 23196748
807095 18554022
807095 8442372
807095 46593413
807095 14894088
807095 14147720
807095 14963684
807095 770034
807095 14055025
807095 21682467
807095 15906540
807095 107061895
807095 9332442
807095 25362797
807095 18252775
807095 21661593
807095 1056961
807095 32147994
807095 116899679
807095 122151277
807095 27716402
807095 163922836
807095 15388131
807095 8881
807095 168674628
807095 132589871
807095 146167871
807095 42984750
807095 17877122
807095 76663193
807095 18057243
807095 75085858
807095 31203136
807095 46758606
807095 17436250
807095 16055024
807095 33668650
807095 41619067
807095 82683644
807095 17845620
807095 15950210
807095 135574894
807095 47717846
807095 4527941
807095 82969145
807095 62860671
807095 21123640
807095 40075291
807095 28138045
807095 167087610
807095 14849284
807095 196186298
807095 153836083
807095 16441088
807095 54885334
807095 21397149
807095 65431946
807095 18790963
807095 61879600
807095 29607664
807095 40200549
807095 8543242
807095 23946892
807095 77000430
807095 226703
807095 3648061
807095 104352678
807095 463463
807095 16588095
807095 72962711
807095 101247760
807095 10686252
807095 291363
807095 14401912
807095 52597934
807095 63345416
807095 37029298
807095 23979328
807095 154145174
807095 14517538
807095 26355341
807095 16194566
807095 216495966
807095 138144571
807095 16380238
807095 30601518
807095 198241550
807095 59599859
807095 85859613
807095 30508149
807095 19570075
807095 14552725
807095 15803250
807095 17389023
807095 30202028
807095 67631479
807095 14021902
807095 242763001
807095 18228075
807095 16046443
807095 15169582
807095 9267722
807095 18318642
807095 17152685
807095 16227629
807095 22320759
807095 32942018
807095 14406465
807095 24387882
807095 252903200
807095 5636142
807095 18189726
807095 132631769
807095 17910058
807095 55510435
807095 44970004
807095 77004462
807095 14179132
807095 80764810
807095 76684897
807095 79299028
807095 81482674
807095 75782383
807095 14443406
807095 80663193
807095 1586501
807095 39030654
807095 38829617
807095 19999626
807095 17525611
807095 52089472
807095 32433821
807095 32138947
807095 62316970
807095 37718165
807095 39802003
807095 39044325
807095 107234633
807095 20570290
807095 18453278
807095 21245863
807095 137414410
807095 29263488
807095 33338729
807095 117460060
807095 28128198
807095 15777728
807095 33318712
807095 4071761
807095 23994034
807095 14875983
807095 107857325
807095 24051028
807095 19247853
807095 19671465
807095 72667138
807095 16915103
807095 31053563
807095 19714682
807095 247033019
807095 34231471
807095 11179192
807095 168295477
807095 16555786
807095 5273561
807095 15180852
807095 89593573
807095 16059332
807095 14206869
807095 681473
807095 27696993
807095 101105818
807095 16395525
807095 110487775
807095 2115091
807095 90034304
807095 189180763
807095 18874227
807095 83596467
807095 754989
807095 1371791
807095 85850590
807095 163598915
807095 355203
807095 199459767
807095 15950882
807095 37291805
807095 16172747
807095 15891430
807095 138479037
807095 147649517
807095 95270375
807095 109275829
807095 18941591
807095 16295907
807095 14624523
807095 87502961
807095 15840979
807095 19661363
807095 103058726
807095 36510873
807095 70747051
807095 70736745
807095 59157393
807095 59145948
807095 54905488
807095 57046177
807095 56810507
807095 16439603
807095 9089942
807095 39434755
807095 25878195
807095 50360181
807095 26929440
807095 14463927
807095 14518765
807095 29205301
807095 37104983
807095 14365001
807095 21416856
807095 17025613
807095 33792634
807095 32628749
807095 37759047
807095 22411875
807095 28631509
807095 19787000
807095 17023277
807095 16929520
807095 16929282
807095 17025323
807095 17026041
807095 16929600
807095 17006157
807095 16929559
807095 16929396
807095 17004139
807095 16929349
807095 21764343
807095 16955870
807095 16955517
807095 16954241
807095 17002185
807095 17001043
807095 16956234
807095 16956330
807095 17002395
807095 17003056
807095 815994
807095 17000625
807095 1774391
807095 1877831
807095 1769551
807095 1434251
807095 1767741
807095 1879831
807095 1435461
807095 1754641
807095 1766701
807095 1775731
807095 16686144
807095 20095865
807095 20778387
807095 21145241
807095 10454572
807095 14237001
807095 20772763
807095 12685742
807095 23836537
807095 19731643
807095 14575107
807095 24773177
807095 11178672
807095 1536811
807095 10755542
807095 19086456
807095 17004618
807095 14110839
807095 16955436
807095 14434070
807095 15829144
807095 1198481
807095 2020351
807095 15222806
807095 14603515
807095 14434063
