20
291
989
7703
10202
12695
46333
53793
92303
344833
722053
755697
774842
780457
783938
787473
794633
798536
800195
804998
813286
890891
988961
1201331
1216691
1330471
1399851
1467621
1481401
1559741
1610391
1769091
1808781
1820881
1920191
2024211
2127931
2136401
2154361
2345021
2434021
2546441
2557521
2900801
3004231
3018651
3479891
3815041
5124341
5187911
5191441
5394782
5442012
5688972
5754732
5989492
6017542
6018232
6279162
6396432
6446742
6535242
6784672
6790312
7029452
7040932
7117302
7282592
7305282
7333632
7376382
7393312
7420942
7451382
7505952
7521812
7554992
8071952
8079892
8318022
8318902
8449542
8843442
9247192
9454022
9902522
9908752
9958752
9987762
10091542
10115142
10134092
10146382
10170892
10202342
10261302
10376602
10386892
10465022
10859652
11032482
11151452
11203792
11284462
11306742
11513182
11550392
11559782
11564132
11736812
11808172
11828512
11828972
11847592
11858882
11894422
12126902
12242912
12889232
12891562
13025282
13058972
13076902
13373672
13471032
13477702
13557972
13578592
13695452
13696632
13715172
13865472
13880982
13900042
13911262
14000452
14036552
14062113
14063155
14066023
14070525
14071771
14079852
14085570
14091221
14093319
14109043
14140147
14149492
14158259
14159633
14177099
14181953
14185624
14199972
14225146
14235350
14245202
14245299
14273981
14295156
14296436
14308014
14317603
14357604
14364970
14377243
14392405
14405064
14426346
14442501
14451426
14471008
14472038
14484168
14497789
14512909
14515734
14516218
14517911
14527357
14530895
14543415
14550406
14604426
14612788
14638048
14663924
14665860
14679731
14703157
14728168
14728428
14728469
14758912
14769239
14770012
14800679
14824356
14829309
14830193
14836781
14913755
14920785
14928429
14939981
14994107
15013821
15026391
15040301
15042867
15089720
15089764
15090913
15094049
15098460
15104723
15110250
15118057
15221655
15221873
15231174
15253419
15268881
15276480
15303087
15360536
15371041
15371220
15372555
15378805
15423405
15434432
15441965
15451129
15457083
15473781
15474120
15475959
15485441
15496864
15520666
15534344
15537451
15577702
15588295
15588657
15622088
15650200
15710977
15721628
15723576
15725218
15733483
15736444
15754060
15786957
15789689
15807682
15811633
15815223
15816167
15831359
15833470
15846407
15887328
15899440
15899827
15900167
15905702
15911200
15919069
15930906
15933953
15960923
15984695
16003805
16007593
16009065
16009795
16010744
16029894
16079412
16082080
16140008
16150371
16162886
16187514
16189084
16190898
16196449
16203586
16208372
16213209
16215503
16228398
16244661
16248047
16279692
16287966
16299945
16300462
16300538
16302242
16308005
16314044
16331010
16335312
16343608
16345421
16372394
16377400
16377451
16380868
16387961
16392105
16392208
16409683
16422891
16459100
16492859
16505829
16515111
16523664
16527238
16533350
16558408
16560657
16570424
16638685
16640997
16650388
16658390
16662161
16710435
16727535
16732360
16740221
16781767
16782725
16809744
16810197
16810233
16812787
16827489
16857151
16857381
16882364
16922661
16932663
16966162
16967393
16974722
16976254
16977179
16990812
16991258
17000762
17008256
17020488
17021505
17022540
17027705
17043637
17058553
17113664
17137891
17164573
17169320
17194296
17211634
17224684
17229219
17232513
17259137
17262272
17266725
17294796
17349190
17396212
17433624
17443917
17460229
17461978
17467141
17474888
17477976
17479886
17499097
17499204
17501082
17502552
17505285
17505685
17526643
17529966
17533652
17533835
17533918
17539527
17546495
17549284
17560096
17564301
17567743
17577468
17578105
17580843
17581130
17582266
17582499
17583772
17594945
17644044
17658668
17696167
17733320
17735258
17761049
17767496
17768720
17790274
17791345
17799644
17800093
17800124
17800146
17800289
17800320
17800329
17800665
17800815
17828988
17878322
17884511
17901282
17910893
17917899
17929027
17947351
18008623
18027632
18032175
18042100
18083462
18084470
18088242
18091282
18121619
18220175
18222378
18222599
18273175
18351037
18353813
18393013
18395177
18414300
18420140
18462696
18467383
18470958
18496391
18541521
18584795
18605510
18610936
18679553
18697876
18702510
18743091
18764897
18783665
18845207
18911620
18922323
18939340
18948541
19058681
19166504
19210897
19230782
19243771
19248106
19262367
19280376
19329393
19330043
19374728
19380743
19391886
19395407
19397785
19460725
19478112
19513874
19533142
19555067
19571299
19575977
19619049
19671129
19688173
19707615
19723736
19734259
19813389
19835881
19894549
19914112
19915637
19923144
19986657
20009028
20105192
20132199
20164128
20174320
20175817
20177956
20189677
20190507
20395295
20397422
20400757
20416406
20436966
20473382
20516445
20518710
20536157
20567939
20582018
20607629
20638192
20648506
20666146
20742311
20788087
20944424
20946107
20956598
20969376
21033957
21050436
21056862
21086093
21155137
21218098
21234899
21247989
21255118
21278412
21425125
21447363
21449052
21586418
21586997
21615397
21622407
21691588
21705616
21735888
21840484
21844237
21844966
21844982
21845001
21845055
21845068
21845078
21845081
21845135
21845184
21932669
22037660
22063870
22067587
22190585
22248524
22331457
22400340
22457777
22458821
22470256
22498452
22524504
22527671
22530945
22545229
22575307
22601929
22651885
22657153
22738950
22740370
22798468
22940219
22959489
22985533
23083404
23151437
23280648
23342776
23444974
23457671
23502877
23561655
23561980
23568918
23569320
23569739
23569774
23614938
23653769
23702397
23748699
23758078
23797835
23824007
23831682
23832022
23856081
23912153
23976874
23977416
24062235
24093355
24103559
24155293
24156249
24156303
24161687
24262588
24264939
24278900
24332709
24447737
24557669
24577244
24606439
24621955
24629940
24713918
24719760
24731231
24736954
24786109
24795163
24822280
24876575
24966423
24967668
24997752
25027745
25027806
25073877
25100180
25158003
25166185
25233746
25306199
25330560
25365536
25398075
25629334
25695509
25864044
25956325
25961434
26053643
26093797
26145853
26167389
26235793
26254724
26257166
26289746
26311234
26314692
26316348
26316417
26316507
26316772
26377121
26440962
26457874
26514466
26516984
26565349
26567462
26575859
26619588
26642006
26644361
26687733
26778673
26927038
26934720
26941656
27004815
27039930
27048403
27070056
27115071
27145900
27153298
27164206
27189793
27195114
27260086
27445760
27539038
27546002
27643363
27649623
27669341
27673684
27778893
27810544
27928857
27952119
27973541
27991444
28006093
28059115
28165895
28220305
28407845
28451418
28471026
28542325
28620188
28626124
28663996
28669612
28679846
28718112
28752248
28766563
28840663
28927293
29118864
29225234
29230762
29234368
29247252
29307276
29330030
29341990
29347330
29378109
29546945
29576485
29659418
29800290
29876288
29925273
30040682
30080029
30083940
30152403
30237251
30274144
30364057
30403047
30569081
30586937
30659786
30715400
30744142
30782495
30800884
31036645
31239408
31270759
31355401
31644736
31708205
31752800
31846520
31920384
32230946
32255949
32309662
32473040
32503911
32561328
32683258
32703313
32765534
32816129
32883001
32911456
32940526
32998182
33045719
33058841
33075590
33197670
33206456
33347834
33521716
33671485
33687098
33698050
34101480
34335556
34335795
34430522
34605780
34630995
34658446
34689371
34812470
34862549
34874716
34923177
34980427
35089990
35094637
35110374
35116428
35124301
35124718
35124771
35163573
35244186
35479533
35727168
35780873
35787166
35810766
35831704
35936474
35982046
36050163
36240413
36312158
36342880
36434071
36495774
36557032
36679267
36756552
36836911
36837141
36871947
36878507
37128724
37176908
37204091
37280000
37367041
37370920
37504939
37546294
37758660
37774152
37786155
37788870
38014811
38095472
38114757
38127255
38369268
38479216
38531995
38532460
38577592
38799252
38799818
38802447
38957399
38974889
39129828
39134036
39204454
39321127
39448610
39471261
39471274
39623638
39630908
39634561
39730630
39774529
39791081
39806439
39838420
39871001
40111621
40140882
40184757
40572559
40704711
40799094
40843553
40868755
40908929
40985090
40986548
41225807
41279435
41293395
41487079
41586624
41655116
41716273
41741884
41742529
41743277
41805418
41987973
42169135
42227173
42238848
42384760
42519612
42562446
42817100
42955981
43115428
43141162
43257982
43470903
43831550
43916582
43918997
44409004
44489767
44502376
44569879
44677066
44741078
44749092
44991284
45259501
45403946
45412239
45456230
45695883
45703299
46066974
46252298
46281092
46306646
46453032
46564873
46759069
46882722
47042683
47085622
47186755
47189401
47236780
47410431
47516841
47657194
47830772
48177728
48468586
48504676
48654999
48783298
48866107
48977248
49158725
49166985
49734876
49967087
50226929
50437890
50811932
50826280
50971578
51025981
51063102
51289028
51575022
51854118
51864879
51870188
52174408
52417203
52544275
52633442
52688767
53153263
53367897
53450102
53853197
53878480
53997519
54349592
54455390
54479674
54575503
54951973
54971160
54981992
55283278
55396775
55434914
55676253
55785360
55935024
55962007
55965247
55972222
56321315
56518880
56736161
56854084
57052630
57097104
57130576
57461551
58002831
58142226
58532345
58553869
58594123
58598187
59017232
59169590
59203274
59283767
59374472
59473820
60193034
60235950
60257871
60425582
61087026
61120204
61355746
61391304
61517579
61816333
62183892
62373285
62375398
62432717
62584929
63120526
63256752
63291287
63374110
63551372
63656092
64044676
64727830
65102512
65104175
65129473
65992743
66345626
66663905
66815872
67153589
67792139
67826205
67982898
68307227
68479224
68506589
68708123
68719292
68857711
69142280
69576573
69622736
70230904
70939267
71088774
71437066
72333466
72614268
72741997
72878707
72910505
72915722
72961879
73378478
73788502
73946910
74021415
74190686
74332458
74370053
74791999
74860243
75402694
76069001
76274014
76782054
76834934
77383832
77555738
78036433
78120081
78243812
78781248
79293791
79400172
80094297
80188345
80367156
80367297
80696073
80700514
81751002
81965408
82939583
83461869
83688815
83933666
84358766
84444204
85603854
86107050
86763393
86844359
88394636
88616681
88685250
88711812
89115444
89310769
89354878
89396353
89747609
90089026
90558751
90716145
90758171
90909909
92367751
92516924
92685993
92808744
94159202
94342801
94405644
94419725
95001048
95312649
95452509
95819882
96454180
96660327
96829836
96846955
97107304
97137152
97312655
98060395
98178977
99238648
99370346
99466550
99491429
100651813
100845809
103341168
103434724
103733417
105025675
105576453
105619475
106855628
106879712
108388673
109471508
110066518
110827653
111936162
112077954
112083973
112613215
112906077
112972841
113169535
113542826
113810621
114236026
114619432
114836738
116088376
116325068
116325283
116362700
117010951
117531944
117673388
117778179
118841770
119945589
120378300
120506171
121101838
121175599
121552003
121666316
121722359
121921821
122024226
122309277
122453851
122533830
122820994
123137211
123328062
123529450
124020339
124235439
124492707
124649532
125131378
126012801
126069185
126229413
126854531
127024280
127085483
127377408
127615114
127938924
128780915
129087266
129404145
129575180
129688514
130055914
130984240
131031500
131032547
131237376
131354927
132247267
132339474
132407541
133143832
133206013
133356654
133408685
133880286
133936708
134844905
134931390
135139476
135617319
135649140
135810191
137244076
137563820
137847010
137908267
138155453
138460488
138600717
138770066
139086763
140322793
140597463
141664648
141706414
141854539
142439158
142458921
143201798
143290652
143493004
143952872
144005147
144070989
144099397
145793522
146191409
146397367
146467396
146580077
146637975
146949451
147645348
148212901
148781366
148975526
150201175
150353187
150507055
150846769
150929455
151503222
152269477
152908365
153694176
155439574
155534370
155558429
155620016
156132825
156434902
157466741
157812653
157868943
157907785
157920439
158012697
158199615
158652597
158751353
158759376
158823552
159115240
159342808
159473794
159707244
159892326
160045521
162274328
162612565
162787436
162869667
162991132
163670969
163894052
164430244
164472198
164588091
164773080
165178860
165511611
165744004
165992964
166338028
166973052
167076427
167624980
167742944
167771282
167948302
168348042
168933374
168976017
169227856
169442117
169686021
170048724
170122283
170168649
171417587
171456720
171695701
171766473
172178701
172826471
173445394
173949046
174040356
174130571
174384814
174836563
174870607
175485798
175492586
175535133
176315484
177095763
177289171
177788602
178453046
182278516
182557190
182727643
183270464
185463011
185487499
185878283
186086892
186094747
186128949
186704343
188356948
189154497
189945486
190622031
190637230
190916143
190930845
191204273
191358978
191535494
191719159
193715987
193870857
194224689
194325304
195219714
197140042
197193121
197532967
197924874
198336043
199658154
199858352
200329893
200426499
200740144
200844080
200918555
201325233
201476150
203037049
203679602
203789800
204041103
204658697
205373019
205415788
205798757
205915163
205964247
206808536
207130858
207716641
208675951
209192530
209406627
209807195
209993019
210824083
210921551
211193919
211370387
211727898
212662877
213323505
213395091
213986616
214465465
215781902
215862186
215875098
215876567
215878546
216998174
217457267
217851933
217904101
218329941
218434822
219441484
221220644
221368156
221935098
222025545
222113787
222255096
222383255
222467579
222904275
223139937
224819564
225039679
226352342
226632520
226644523
226728775
227199130
227729830
228074513
228253809
228516177
228806211
228839583
229193375
229219088
229995475
230930518
230931654
231129204
231529797
232037129
232875726
233113145
233293338
233417372
233590281
233729203
233891526
234112390
235201547
235446476
235845755
235987364
236194525
237872294
237930644
237944569
238020959
238253340
238431177
238821027
240427570
240522361
240687501
240704709
240850821
240902073
241029030
241302321
241541118
241749768
242024077
242949909
243223990
243266116
244063678
244300446
244722399
245606801
245613565
245620874
245992215
246500501
246930221
246961125
247421479
248325825
248900032
249478402
249684486
249871384
249902490
250710905
250831586
250887593
251148550
251378941
252021270
252343927
252809271
252857045
253659152
254274795
254870777
255058642
255288945
255388236
255821758
256020826
256474762
256680119
257407118
258361061
258560059
258685347
259379883
259679248
260268443
260343532
260640971
261033638
261549018
261570136
262531583
262917869
263899249
264054554
264474488
265232350
265512968
265556706
265641939
266072984
266308488
267299410
267535098
268414482
268439864
268574796
268985502
269394732
269610874
271019944
271201055
271496779
272150203
272665724
272718948
272766282
273023187
273126192
273394823
273496158
274332947
274663752
274922803
275161280
275337714
275612744
275748946
275793864
276015641
276710596
276716878
276800020
276812307
276990056
277214627
277709871
277998855
278120787
279283587
279283966
279577662
279691269
280132000
280203026
280314367
281040457
281508921
281608848
281752085
282802184
282903885
283315411
283362162
283443161
284164809
284175138
284313624
285271106
285282053
285668346
285699939
285871576
286159635
286397801
286735308
287241132
287901163
289643506
289984742
290137174
290426262
290524718
290979270
291136879
291569884
291631648
291848588
292007285
292086317
292093914
292991144
293839648
293862298
294210874
294619714
295239983
296188627
296335841
296935562
296937858
297276492
297809962
297810426
297944400
298060028
298239793
299159164
299969521
301423752
301810277
302066295
302123233
302429165
302946401
303497043
303525333
304087150
304396878
304745751
305332520
305820275
305877500
306020672
306131436
307000336
307344445
307690553
307740599
308246306
308514978
308523108
309648072
309939037
309981951
311467005
311715072
311746238
312441045
313191277
314370876
314630666
314756515
314927773
315040675
315662755
315858166
315905706
316143099
316251609
316275055
316901409
317076767
317841501
317958951
318102830
318144048
318756604
319149985
319469747
319471130
319561124
319834045
321044857
321696806
322495828
322628101
322803070
323290487
323480022
323501863
323810074
324423146
324563894
325087326
325104511
325597693
326205601
326508924
326586556
327785811
328076038
328115388
328751958
329184300
329220749
329512867
329712330
329843225
330539792
330700723
330781160
330829304
330846270
331338939
331449881
331789014
332493179
332860566
333751645
334503461
334701243
335357068
335636652
335725190
335992633
336061752
336218636
336355832
336737783
337225419
337451302
338136088
338199259
338215060
338825482
339009393
339173826
339748607
340095475
340380997
340519788
340698183
341803176
342327238
342500096
342783472
343727986
344088122
344303726
344304717
344336812
344840226
344858145
345175943
345410232
346027069
346223982
346289745
346748829
346803785
347265560
347307017
347816317
347914419
348783885
348834607
348917230
349298451
349298495
349416158
349468214
349782257
350690031
351017734
351244561
351922040
352219942
352510937
352837661
353065553
353266896
353573125
354086662
354536933
354592723
355779889
356314667
356487816
356689265
357243450
357367972
357821295
358176024
358311872
358636624
359448599
359449324
359632644
360627884
360641364
362271431
362624739
363081281
363287124
364156803
364417554
364614539
365071261
365095764
366129221
366242106
366243404
366437608
366451939
366804032
367498740
368604311
369247648
369837436
370103803
370310851
370501899
371488389
371575492
372065311
372085521
372947317
372974773
373007599
373435139
374593606
376017060
377757988
378973936
379351394
380201601
380365732
380598797
380656716
380738720
380755758
380990621
382193875
382300955
382440075
382677678
382862277
383288836
383326105
383458182
383932371
384133374
385141378
385564726
386591260
386753961
387203267
387566117
387875682
388014562
388365244
388397749
390571985
390831045
391673078
391741901
392170829
392207066
392243815
392477555
392737162
392837526
393715068
393725896
394273492
395610034
395731132
396398252
396833385
396883072
397486370
398403383
398432687
399124579
399180267
399614319
399620512
399825622
400152385
400244987
401673529
402124167
402355006
403637945
403682268
405017536
405128279
405463835
408162370
408645361
409246923
409387398
409486555
409536568
409622783
410467812
411117487
411824965
412549497
412704290
413168486
413476251
414423326
414891203
414928421
415616838
415821214
417180649
418998210
419109541
419506376
420304241
420895434
420962404
421153749
421615092
422928837
424314656
424346325
424916914
426120956
428273810
428413660
428659335
428701725
428752632
428757903
429352808
429404133
429463394
431119190
431608133
431714681
432941638
433095703
433108811
433652659
433905081
434631610
435061571
435234927
435316217
435873764
436325370
436955162
437396695
437951475
438128416
438940967
441373840
441763299
442156831
442279595
442805614
443599983
444536357
446856070
447123327
447436633
447700667
448469368
449584260
449855754
451919228
452367061
454425730
454557231
454634555
456368553
457062406
457318603
458002830
458010766
458979873
460175331
462169664
462815243
464281611
464387894
465998787
466250262
466890622
467248902
467413428
467710360
469826507
470024549
471703054
472224953
472623389
474594350
476978779
477107838
477180072
477451914
478017042
479282769
480131517
480517504
481217247
481810150
483029379
484002809
484240931
484900194
485946213
486374721
487210732
487241817
487635819
488010707
488343588
490829801
490867643
491090842
492308253
493473508
494444022
494732077
497000666
497193210
497279999
498837100
498933823
499117473
499894010
500440445
501178772
501327960
501895903
502918946
503907647
504715464
505179919
505242398
506351550
509546328
509838418
510965971
511123514
511252327
511889113
512790241
513672807
516211331
517675307
517800414
518423389
518944515
519612729
519920787
520494657
520766499
521363476
521929674
521942515
526117712
526531008
527267006
527996880
528081287
528543495
529016519
529482865
531454536
531499609
531519861
531781838
533249445
533344420
535623455
536511051
536645109
536961813
537273295
537435479
539035631
540538920
542843504
542982986
546082067
546457332
546971230
547377937
547455258
548744728
549883920
550146446
550767863
551125188
551388713
551453920
551936436
552495404
552548526
553198145
554692881
555065460
555187884
555494063
555517598
555904247
556678402
557766986
558457086
558780558
559878118
561274477
561997759
562709284
564044940
565007164
565257833
566639167
566756981
568299859
568492438
569287451
570088436
570114459
570123905
570443114
571083342
571361012
572568773
573565449
573634136
573681941
573831212
573936465
574302673
574689847
575951592
576279669
577683348
577905352
579166854
580360207
582007597
582044690
583038846
584358762
584522616
585072705
586151857
586994594
587085334
588738916
589251634
589465585
590597335
591096967
591267402
592145811
592447050
593110737
594117154
594986476
595749651
595876233
596348833
596812096
597138913
597585157
597680460
598923332
600389555
600521077
600527452
602008160
605985967
607207357
607649800
607829987
609957466
610121825
610158510
610919589
610984513
611251184
611290993
612520739
612741527
612827205
613157506
614489380
614767332
614832395
615447821
615649988
616495607
617746457
618441084
619321681
619453376
620076150
620091833
620555525
621375737
621386603
622585839
622875058
623035008
624524394
624579901
625153325
625963105
626495801
626707508
626949057
627015583
627132959
627395301
628918624
629934546
630740655
631480437
631674693
632848677
632976032
633228538
633511287
633935203
634501088
634629916
635013792
635091503
635456745
636643414
636728859
636766878
637153528
701308988
702144679
702672366
703653888
705824354
707106129
707967379
709373636
709895715
711451403
712817629
713037038
713116029
713460012
714062310
714725346
714756889
716967088
717707086
719522641
720824405
720995892
722575640
722931163
723378428
724335902
725466578
727210638
728951072
734093880
738523362
739708362
742142053
743578238
744278652
744493963
745702105
745928126
746259230
746868877
747670351
748230445
755712253
759877903
762354546
762597301
764029873
766878187
768429727
770038957
771067855
775517888
783603486
783699788
783946231
785461346
786163416
786546620
787021116
789742242
790317444
791448493
794520912
796163316
798639978
801191862
801328152
802317708
802997575
803280049
803288810
804942871
805115407
807422982
808596750
809486084
809882270
811568186
813266095
814196724
815791502
817294754
817684782
817887601
820384400
820573561
822223879
824228948
826667894
830937710
831543055
831777420
831992269
832124563
836942227
837549078
838201922
841122098
843409856
844437480
846856315
847400281
849379898
850031246
850117975
851163932
852121698
853597219
854113423
854155015
855019670
855431084
857276616
857317495
857335801
857965424
858360680
858863480
858965354
860346282
860718355
865461008
867407977
868661412
868878139
869156184
871957375
872251819
874341967
875373385
881430835
882169068
890408527
891363512
893662711
897557738
900248292
902972348
903023004
903050316
904850294
910500961
915825396
917677542
917701290
918596102
918671426
919998829
921549666
921654853
924322418
924349074
925161714
930112963
930317119
931137721
931156794
931279394
932533464
933488851
936106488
936843606
938463840
941327605
942099942
942206395
942764491
943037923
945709598
948522313
951080803
952339802
952490220
952840765
954201782
954462284
956305800
960251574
960443246
962928949
963261464
963371528
963544830
963580844
965069131
967712755
968200856
971442804
977538002
978631267
979157078
979496364
979789699
980349703
980968465
981961742
983511062
985308926
989459870
991761000
991936777
993820050
998535433
1003947961
1004499859
1005306480
1007506423
1009529185
1010994804
1011307567
1013026094
1014159817
1014594342
1016976739
1017058788
1017645740
1019246065
1022962261
1023681817
1024404487
1028071454
1029674384
1030656332
1031165232
1034833940
1037996664
1038224994
1038771120
1040356764
1042609675
1045262880
1049343372
1050256290
1053024378
1053472543
1056804163
1059339295
1061446698
1064511259
1066179865
1066274912
1067900215
1068233952
1071229099
1072641210
1074214256
1075172604
1079834641
1081749746
1082572909
1083820730
1086785178
1096840650
1099588603
1100987245
1102305151
1107664129
1109137190
1110452220
1110908839
1117240314
1117591609
1117935728
1120285910
1120536504
1124016102
1124273167
1126737282
1126856924
1126860505
1128666900
1130873526
1131201492
1132276608
1132606698
1135633608
1136237977
1140505699
1141848691
1143993710
1147820342
1147824798
1150785116
1151985475
1152396199
1152591138
1161324535
1162976646
1163979882
1164868566
1165238275
1165673521
1166412822
1166446411
1170627409
1170921374
1180077385
1181785801
1183247096
1183748383
1183964689
1185042368
1186918886
1187032609
1191476700
1192284732
1194176280
1194464905
1202463433
1204779360
1205448354
1205657281
1205946774
1207628714
1213657249
1215191900
1216658737
1217769355
1219780297
1220022674
1220183108
1223632236
1224146646
1226706560
1226843912
1238181752
1238900521
1240192620
1240337377
1240521691
1240773950
1243964118
1244967032
1246626163
1246888652
1250221314
1251938539
1253664192
1255497176
1257082694
1257114487
1257538477
1259993016
1260362275
1262712248
1262878806
1263076651
1265041352
1265278921
1265331582
1265693688
1266061969
1266758834
1269083875
1269426091
1269711798
1270073328
1273136143
1273328408
1275358700
1277913192
1278366805
1282543783
1287583118
1292062998
1292680356
1293001652
1295856931
1296308174
1296589098
1297125594
1297418582
1297558350
1300356757
1300952779
1304373134
1312022310
1315017572
1317459752
1319352152
1320503540
1320933613
1322642648
1323306919
1324920804
1325452105
1326027979
1328899382
1329902479
1331676896
1333010539
1334639700
1335501618
1336780531
1337227842
1343099868
1343553540
1343737873
1344847092
1346147971
1346812946
1347371960
1348233566
1349736050
1350151627
1350170191
1353887365
1355073350
1355159124
1356027864
1356076166
1356357740
1358148936
1359622506
1360285465
1361390196
1362416804
1363146134
1366399602
1366542109
1366955052
1367175422
1372024794
1372055719
1372100366
1372502198
1373021958
1373516149
1374239564
1374710874
1378311991
1381829024
1382684041
1383289680
1384531160
1385627035
1389265370
1390733318
1390815637
1392559321
1394756532
1398295082
1399849015
1404024404
1405519334
1410172207
1411427172
1417128013
1419465649
1421293861
1426991984
1427038315
1428848340
1429260739
1431904650
1433801203
1434629665
1438724946
1440132170
1442407106
1444345136
1444862106
1447316143
1448999448
1449698888
1452860670
1453364910
1454506820
1454735899
1456096368
1458498164
1460870276
1463629040
1467539084
1468054904
1468798400
1470218322
1470447420
1471162496
1472554622
1473333517
1477258208
1478373948
1478441810
1479094188
1482622075
1483182757
1483193275
1488716928
1489681460
1490514624
1491334044
1493494464
1494050065
1497172710
1500171974
1512062352
1512974125
1513777232
1516098420
1520662574
1521360122
1525041870
1525159519
1526054568
1526184576
1529196644
1531256749
1531755560
1532399274
1532803610
1534979666
1539436112
1539747518
1541789348
1543526376
1543662014
1546863247
1549539728
1550847678
1552098902
1553452189
1556620807
1558474543
1558810549
1560175410
1561116961
1564329385
1564675182
1567514946
1568961638
1571513396
1571682240
1572747708
1573175460
1573723195
1576618314
1576942806
1579935349
1580729347
1581492336
1581818935
1581929124
1582207622
1585861627
1587878971
1588624597
1589720960
1593061369
1593253609
1594386870
1594758722
1594950962
1596513978
1596865358
1599577316
1599791329
1600553934
1602064369
1604897539
1605581702
1607343433
1608007836
1610636053
1613349302
1613817044
1614769964
1618706707
1620236474
1620960103
1621688310
1626186666
1626850087
1628062776
1628275404
1628947868
1630401031
1633613600
1633960764
1634975366
1636362391
1637085559
1639281433
1639643658
1641606536
1648008558
1650843301
1654032524
1657695667
1657891346
1658816160
1660800870
1661766594
1664036869
1664688986
1666119842
1668091248
1670402047
1674125904
1675616587
1676284482
1676576120
1677079586
1678479067
1682873574
1684952143
1686512449
1688433811
1689046856
1692330708
1693842774
1693991749
1694744772
1698100447
1700121744
1700657275
1700704496
1701105756
1701411344
1703065610
1706232102
1706357616
1706370740
1707223970
1710759828
1711164522
1712473056
1712641687
1712882502
1713111476
1714068372
1716762865
1719401539
1720664695
1724140128
1729283328
1729486730
1732543764
1734463285
1756562892
1789470780
1797850166
1817795298
1836028830
1844810712
1849147063
1849775257
1850242998
1851615110
1852764871
1852891632
1853890982
1854694422
1855513164
1855702051
1857620958
1859240678
1861988390
1862184036
1864816879
1867640180
1869594926
1872991814
1873376065
1873789723
1873925238
1876289341
1884508171
1886613018
1886838258
1887592164
1891937402
1893084540
1895724368
1897172078
1901241571
1901794752
1902439963
1905613544
1908141822
1908202549
1908428136
1908801463
1909035470
1909257326
1910978160
1911264018
1912110007
1912300285
1912414326
1915882747
1916574499
1918554842
1919284830
1919582414
1920044923
1921678112
1923010758
1924311330
1927831820
1931004330
1931105544
1931415360
1931437129
1931466386
1933630680
1936255698
1936487964
1941607657
1941856585
1945758199
1949905922
1952022764
1952187270
1952946972
1954239684
1954264219
1955197524
1955198676
1955519287
1962797389
1963499323
1963835948
1964511510
1965230083
1968064974
1968460074
1969344608
1970217146
1976244398
2147716676
2147940842
2149703443
2149867723
2150021390
2150040330
2153269092
2153596956
2155835514
2156476416
2157152382
2158164534
2158929496
2158938958
2159358658
2159611096
2160031568
2160232657
2160433012
2160473266
2161458061
2161628677
2162237549
2162389930
2162508253
2163290682
2164160270
2164160312
2164187996
2165081814
2165690613
2165772756
2167009720
2168133977
2170239245
2170285887
2170735676
2171208315
2171624264
2172275162
2172697312
2173264892
2174956012
2175035060
2176243210
2176742118
2177138469
2178221339
2178263033
2179160438
2179739584
2180331953
2185074698
2185430034
2186787223
2187080683
2188271954
2189371071
2190623439
2190793192
2191061394
2191546047
2191625685
2192483868
2192696724
2193391998
2193593548
2194868707
2196284605
2196426430
2196557875
2197187358
2197873454
2200540572
2203774032
2204215285
2205039253
2205885220
2206989485
2207584319
2207664607
2207783786
2208949658
2209305888
2209401655
2210333160
2211075176
2213057699
2213161634
2213201239
2213390398
2214228779
2214592675
2216047412
2216049953
2216144162
2216654808
2217089491
2217221672
2218422696
2219576462
2222182159
2222915136
2223988136
2224551845
2224911248
2225328735
2225654318
2225855744
2227418647
2227663038
2227749900
2227806815
2229409892
2229866778
2229936164
2230166405
2231316013
2231638728
2231753653
2232046265
2234588690
2235021576
2237008923
2237034848
2237275767
2238324908
2238549950
2238687364
2240088660
2240555516
2241507566
2241813332
2245072818
2245907752
2245978676
2246323994
2247341769
2247342934
2247667796
2248163214
2248613564
2248710458
2249377310
2250983012
2251322396
2251841476
2254375898
2254860808
2255533460
2256218726
2256253421
2256716766
2256744596
2257009220
2257208720
2257466513
2257505430
2257604610
2258862220
2259383419
2260083125
2260772083
2260808665
2261516103
2262576422
2262942104
2263232317
2263380416
2263775748
2263785674
2264577106
2264625884
2264812238
2265077665
2265298683
2266645266
2267373864
2267500305
2267511689
2267753646
2268039782
2268390648
2268841779
2269479088
2269763612
2270101325
2271829367
2271836153
2271936476
2272803008
2273227241
2275681627
2275722793
2275733312
2276074157
2276454306
2277037248
2277164322
2277591146
2277960060
2278498657
2280149190
2280305420
2281323492
2282082054
2282088733
2282536564
2283407763
2284804190
2285100888
2285277108
2287278456
2287395102
2288778865
2290585794
2290927827
2291638321
2293386504
2294217755
2294349017
2294567765
2295300985
2296126028
2296292264
2296822519
2297263153
2297592326
2298191895
2298583266
2298800972
2300845704
2301620737
2302046389
2302326840
2303569784
2303649883
2305898960
2306835223
2306968108
2307599168
2308329186
2308626012
2308755289
2308926565
2309594353
2309669828
2310422714
2310501105
2311370695
2312691783
2312906539
2313164170
2313319253
2313464905
2313950430
2314170908
2314520420
2314759867
2314981768
2315328885
2315490425
2317149850
2317259726
2317445745
2317621326
2317816501
2317991495
2318007014
2318009239
2318272357
2318706537
2320411737
2320878776
2321276530
2321821189
2322203677
2322666897
2323043055
2324375451
2324486774
2324565950
2324643860
2324792387
2324922559
2325087442
2326064202
2326077668
2326609214
2327527774
2328455583
2329018836
2330655074
2330659813
2331054314
2331901771
2332145182
2332148226
2332535298
2332650278
2332783044
2332929314
2333139916
2333909644
2334216558
2334489255
2335432638
2335527999
2336706749
2337153800
2337298399
2337448082
2337716554
2338117876
2338332364
2339328187
2339776236
2339985926
2341395864
2341627285
2342224823
2342415121
2342743093
2342922613
2343134133
2343235469
2344305345
2344471704
2344833804
2345125811
2345646987
2345888996
2345948732
2346041689
2346072290
2346930276
2347527472
2347582999
2348040821
2348071549
2348674316
2349018819
2349326599
2349388343
2349615434
2349677338
2350477262
2350693113
2350788920
2351598856
2351755906
2352189979
2352380693
2352453686
2352523531
2353742364
2353837879
2353920110
2354098346
2354218393
2355339401
2355388873
2355401351
2355476445
2355526796
2355624976
2356908496
2357494908
2359028293
2359172601
2359409923
2359878795
2359978086
2360213007
2360271343
2360296537
2360768353
2361090672
2361234314
2361264588
2361675523
2361698591
2361800448
2362126853
2362173482
2362270393
2362446486
2362512420
2363047165
2363103194
2363159111
2363303817
2363408996
2363505067
2363568270
2364743809
2364780774
2364871880
2365189674
2365334316
2365430747
2365882849
2366094420
2366115792
2366388002
2366410265
2366492646
2366746178
2366859373
2367003389
2367105652
2367686070
2367704273
2367882789
2368249824
2368264934
2368989332
2369557734
2369688872
2369719261
2369742608
2369985913
2370493592
2370851468
2371106269
2371142582
2371385757
2371625687
2372260932
2372417061
2372991792
2373210545
2373340608
2373464982
2373515819
2374626433
2374665553
2374770954
2375568909
2376384840
2376412494
2376920902
2377017857
2377147752
2377236212
2377441803
2377527524
2377551195
2377691862
2377733405
2377770925
2378049164
2378079373
2378323170
2378577868
2379180656
2379409328
2379871610
2380561278
2381079055
2381168949
2381173466
2381196990
2382427130
2382591496
2382793525
2382885410
2382965544
2383445056
2383839818
2384104944
2384128063
2384228276
2384442636
2384707602
2384986874
2385716030
2385843038
2385853273
2386420897
2386961529
2386980304
2387285299
2388090816
2389098726
2389303115
2389460473
2389523366
2389631390
2390161062
2390302557
2390468846
2390516470
2390525030
2390969864
2391056191
2391335678
2391514704
2391559136
2391873325
2391957300
2391979315
2392172305
2392852868
2392873015
2393688048
2393836327
2394265172
2394343586
2394373785
2394596096
2394665093
2395349840
2395418279
2395592192
2395936512
2396362422
2396420892
2396914118
2397681300
2397983171
2398223275
2398233578
2398289495
2398464783
2398615394
2398731673
2399062694
2399843772
2400119167
2400145051
2400155239
2400348882
2400630080
2401039608
2401138561
2401282520
2401957540
2402074248
2402216436
2402240122
2402626072
2402662036
2402724411
2402885612
2402923212
2403032073
2404661524
2404755316
2404885608
2408206520
2408510862
2409181395
2409242442
2409511015
2409724100
2411969021
2412048613
2412131376
2412218832
2412254910
2412549185
2413056961
2413171411
2413206853
2413221984
2413422192
2413543922
2413598908
2413698573
2413718551
2413859622
2414031440
2414068211
2414124904
2414768870
2415454671
2415595136
2415623283
2415711582
2415934288
2415951805
2416148702
2416156861
2416501015
2417014207
2417042502
2417487716
2417530354
2417825078
2418012912
2418209090
2418434526
2418439551
2418703882
2418832338
2419127984
2419308425
2419341168
2419763904
2419792738
2420676444
2420801083
2421126552
2421158063
2421176873
2421357154
2421380893
2421415249
2421696926
2421918009
2422150117
2422260331
2422325969
2422665943
2422739606
2422767841
2422772384
2422778304
2423258576
2423535513
2423551905
2423571005
2423602683
2423810220
2424090375
2424416348
2424471350
2424581827
2424656635
2424668060
2424701226
2425018951
2425346393
2425708318
2425898860
2426168304
2426424115
2426490144
2426551610
2426587196
2426729222
2426783146
2427483457
2427497336
2427543746
2427565363
2428354878
2428761356
2428922827
2429176423
2429342263
2429370504
2429460260
2429463020
2429685919
2429699514
2429709889
2430578887
2430705170
2430807071
2430966157
2431127430
2431129258
2431197858
2431266594
2431313510
2431814481
2431835992
2431861491
2431961553
2432149698
2432188963
2432202338
2432267590
2432371982
2432604018
2432682709
2432691104
2432881884
2432965153
2433516319
2433579092
2433703657
2433737076
2433836646
2433839673
2434124930
2434362290
2434447043
2434542176
2434566824
2434649804
2434666566
2434682822
2434750464
2434795802
2434887710
2434907820
2434986942
2434992037
2435092524
2435324082
2435334870
2435350146
2435445427
2435519486
2435674232
2435716873
2435946818
2435962396
2435977233
2436024385
2436034214
2436092905
2436265674
2436272185
2436294820
2436304171
2436515147
2436555518
2436574246
2436604321
2437118071
2437129724
2437633592
2437678890
2437788770
2437799328
2437994418
2438209065
2438372341
2438466845
2438503505
2438685618
2438754690
2439062239
2439096751
2439099204
2439286921
2439430483
2439439728
2440146482
2440186230
2440276028
2440291595
2440322473
2440326733
2440361006
2440604480
2440685054
2440692085
2440786111
2440795789
2440863912
2440902002
2440905636
2440948472
2441012635
2441030576
2441108754
2441172409
2442062870
2442533191
2442747205
2442999673
2443136376
2443140181
2443455403
2443473511
2443666302
2443785919
2443855339
2443949510
2444008687
2444194694
2444298576
2444394631
2444494430
2444617656
2444632890
2444850301
2444926093
2444930472
2445023628
2445296102
2445387366
2445428210
2445452556
2445460711
2445482030
2445528109
2445555670
2445605594
2445638095
2445671322
2445732207
2445791273
2445822693
2445835002
2446040262
2446128410
2446218462
2446248558
2446340887
2446344661
2446348392
2446390334
2446434566
2446462357
2446486915
2446626200
2446654255
2446730953
2447003020
2447120970
2447142122
2447206583
2447280960
2447338285
2447430044
2447581470
2447586661
2447708712
2447812410
2447821642
2448004077
2448004274
2448031976
2448102678
2448126829
2448159362
2448260743
2448289441
2448310760
2448329178
2448518634
2448604008
2448617744
2448658127
2448671593
2448718999
2448792332
2448798402
2448799272
2448879145
2449104559
2449146071
2449340455
2449363136
2449448280
2449547930
2449565915
2449705405
2449925462
2449938888
2449983534
2450040003
2450317746
2450350373
2450644462
2450935568
2451046098
2451090061
2451109470
2451245342
2451247381
2451274111
2451313295
2451340749
2451370663
2451392016
2451437840
2451492678
2451547716
2451714918
2451727927
2451879242
2451979350
2452120100
2452162081
2452202423
2452214232
2452248146
2452278534
2452303309
2452374385
2452390141
2452506272
2452537768
2452748880
2452810669
2452963594
2453001200
2453079566
2453233764
2453323974
2453326383
2453435077
2453503890
2453569819
2453608729
2453612502
2453682908
2453748313
2453777828
2453815909
2453841649
2453879160
2453895204
2453919079
2453925674
2453931109
2454152455
2454195734
2454202124
2454234931
2454235326
2454265399
2454274723
2454380095
2454434575
2454657343
2454962251
2455067827
2455070125
2455100852
2455116168
2455151234
2455171825
2455336638
2455341109
2455355768
2455379750
2455384748
2455448328
2455476610
2455503864
2455532911
2455597484
2455695458
2455723339
2455744496
2455777112
2455823178
2455874570
2455893181
2455991976
2456007770
2456014516
2456024654
2456050580
2456099082
2456100288
2456150108
2456151277
2456162376
2456183982
2456417695
2456459340
2456461324
2456575004
2456611056
2456644640
2456678557
2456689595
2456736540
2456812830
2456919066
2456953722
2456968777
2457012144
2457039050
2457072638
2457085712
2457169266
2457192020
2457199952
2457227604
2457242450
2457297128
2457305875
2457306414
2457338780
2457383124
2457384424
2457388273
2457424986
2457458137
2457481532
2457500366
2457506340
2457530718
2457552192
2457623360
2457797526
2457826075
2457848474
2457867445
2457872065
2457975966
2458016576
2458061203
2458121190
2458158673
2458206289
2458222070
2458223034
2458239602
2458283886
2458340766
2458365115
2458425384
2458473572
2458515061
2458569902
2458654183
2458701073
2458721808
2458730718
2458750340
2458768100
2458783724
2458795982
2458835450
2458864345
2458900694
2458920523
2458924458
2458938049
2458962704
2458971036
2458971973
2458977109
2458998415
2459061932
2459104465
2459134033
2459139697
2459146711
2459171136
2459177264
2459193775
2459222004
2459225672
2459287832
2459299692
2459320075
2459326434
2459345504
2459395944
2459462275
2459467693
2459505374
2459519502
2459528840
2459580348
2459594024
2459642857
2459746434
2459773225
2459796175
2459814588
2459851513
2459882143
2459894095
2459928895
2459932646
2459945088
2459976674
2459984965
2459989117
2460062143
2460081613
2460099494
2460099949
2460131532
2460134257
2460169122
2460171968
2460216094
2460221197
2460226202
2460255434
2460291373
2460292236
2460312296
2460312354
2460322789
2460336948
2460336990
2460345342
2460363612
2460365755
2460373393
2460376896
2460377071
2460384914
2460398077
2460402812
2460415891
2460416990
2460422478
2460422917
2460450492
2460456642
2460458942
2460460926
2460478100
2460489672
2460498332
2460511598
2460518510
2460523651
2460528338
2460532818
2460547045
2460548316
2460549758
2460551558
2460560449
2460563845
2460571122
2460571453
2460574783
2460587346
2460603206
2460603432
2460611905
2460622573
2460627433
2460630397
2460630464
2460632641
2460647732
2460654720
2460660278
2460660870
2460673262
2460686203
2460692336
2460704918
2460717876
2460718544
2460744690
2460748549
2460750242
2460769632
2460772914
2460773766
2460786086
2460802057
2460835296
2460836730
2460838426
2460845324
2460854131
2460885360
2460886814
2460917430
2460935922
2460944053
2460947299
2460965318
2461014055
2461020678
2461049778
2461051471
2461062409
2461080000
2461095668
2461098350
2461102500
2461103582
2461108873
2461109424
2461110326
2461115418
2461122594
2461125684
2461127772
2461129274
2461132255
2461140320
2461145306
2461145844
2461146480
2461152073
2461153560
2461155829
2461155848
2461160017
2461161128
2461161691
2461162664
2461163426
2461166960
2461167902
2461168500
2461169318
2461170300
2461173162
2461176967
2461177291
2461182704
2461185210
2461190736
2461190929
2461194259
2461196449
2461196544
2461198146
2461199713
2461200722
2461201466
2461210585
2461214220
2461214611
2461216634
2461220184
2461226540
2461226720
2461228147
2461229671
2461234651
2461234813
2461245780
2461252327
2461261136
2461265678
2461267440
2461272210
2461272810
2461276976
2461280238
2461289478
2461290002
2461300196
2461301540
2461305020
2461308264
2461319816
2461333920
2461336782
2461346743
2461365535
2461367820
2461395410
2461399544
2461400988
2461404469
2461406844
2461408694
2461410432
2461412263
2461414232
2461414466
2461416902
2461418262
2461420718
2461421533
2461425332
2461426322
2461426422
2461429620
2461431402
2461442420
2461446031
2461451678
2461459956
2461473540
2461477254
2461478048
2461478964
2461491499
2461501039
2461504159
2461506410
2461508540
2461510843
2461514455
2461518427
2461518919
2461525717
2461531759
2461534626
2461554038
2461554204
2461554986
2461562162
2461576206
2461577498
2461583360
2461587085
2461588975
2461591086
2461592426
2461607970
2461609068
2461612308
2461619946
2461630159
2461631749
2461635414
2461637760
2461640972
2461644536
2461644956
2461645658
2461645795
2461645982
2461646622
2461648562
2461648754
2461649696
2461655490
2461658504
2461663705
2461665402
2461668816
2461674312
2461676347
2461701758
2461705344
2461708224
2461716554
2461717176
2461717555
2461718906
2461719054
2461721318
2461726603
2461727898
2461729482
2461731510
2461731660
2461733484
2461733528
2461735832
2461737792
2461738345
2461740224
2461743698
2461745173
2461745208
2461748071
2461752661
2461755001
2461755984
2461756453
2461759147
2461762099
2461763053
2461765086
2461765338
2461771620
2461773944
2461776060
2461777230
2461778342
2461778372
2461778443
2461779787
2461783159
2461783256
2461788288
2461789380
2461789867
2461795610
2461795884
2461796190
2461797390
2461798340
2461798760
2461799516
2461800116
2461800378
2461802622
2461802653
2461803541
2461803564
2461806055
2461807332
2461807783
2461808737
2461810332
2461810766
2461814732
2461815348
2461815750
2461816100
2461822261
2461822464
2461823550
2461824590
2461828375
2461828412
2461828609
2461834250
2461834274
2461836595
2461837352
2461839090
2461840784
2461841618
2461841923
2461842739
2461842991
2461843567
2461845211
2461845374
2461845842
2461846844
2461847287
2461848024
2461848972
2461851625
2461854696
2461855266
2461856875
2461857498
2461858699
2461861573
2461862857
2461864448
2461866056
2461869054
2461869188
2461869666
2461873861
2461875673
2461876849
2461881302
2461886418
2461887522
2461887793
2461888212
2461889388
2461890182
2461890661
2461892594
2461892634
2461892684
2461892893
2461893194
2461894868
2461897518
2461899481
2461899949
2461901424
2461901545
2461901628
2461903046
2461903663
2461907251
2461909459
2461909728
2461910270
2461910310
2461910671
2461912272
2461914372
2461914679
2461916676
2461920714
2461921152
2461921688
2461922018
2461922868
2461923242
2461924392
2461925216
2461926534
2461928017
2461928522
2461928802
2461930488
2461931233
2461933676
2461934190
2461934196
2461936393
2461936789
2461940216
2461941200
2461941542
2461941751
2461942236
2461942735
2461943029
2461944859
2461948040
2461950188
2461950810
2461951464
2461954302
2461958036
2461958953
2461959631
2461959852
2461961154
2461961402
2461961509
2461962337
2461963063
2461964042
2461964138
2461964658
2461965750
2461967863
2461968000
2461968709
2461970965
2461972070
2461974697
2461974854
2461974966
2461975460
2461976976
2461980036
2461980524
2461981562
2461981904
2461982706
2461984183
2461984770
2461985293
2461988587
2461988809
2461989103
2461992361
2461996746
2461997112
2461998848
2461999921
2462000546
2462001355
2462003101
2462004804
2462005148
2462006132
2462006408
2462007025
2462007812
2462008052
2462009720
2462010540
2462013996
2462016427
2462016780
2462017200
2462017998
2462021294
2462021864
2462022853
2462024023
2462024084
2462027083
2462027227
2462027353
2462028061
2462028098
2462033790
2462035962
2462036576
2462036690
2462047903
2462052176
2462056009
2462060251
2462061668
2462061692
2462061984
2462063689
2462064338
2462065326
2462069917
2462073402
2462074190
2462074382
2462076342
2462078647
2462078785
2462081192
2462082150
2462082470
2462083046
2462083130
2462083340
2462084270
2462084712
2462086321
2462086417
2462087570
2462087605
2462091355
2462093622
2462094955
2462097426
2462101004
2462101994
2462102371
2462103721
2462107351
2462108377
2462110022
2462110915
2462111334
2462111822
2462111912
2462112434
2462113344
2462114516
2462114916
2462119856
2462121380
2462121422
2462122868
2462123366
2462123606
2462132503
2462133000
2462133042
2462133817
2462135622
2462135732
2462136979
2462141317
2462143111
2462143562
2462146465
2462147000
2462148151
2462148464
2462149484
2462151253
2462152662
2462154548
2462157056
2462157877
2462160427
2462160733
2462161650
2462166326
2462167232
2462168113
2462170849
2462172470
2462173861
2462176038
2462179968
2462180976
2462181727
2462182646
2462186149
2462186490
2462187559
2462189065
2462189406
2462195192
2462195353
2462198364
2462203952
2462205252
2462206086
2462206171
2462207425
2462208007
2462208740
2462217211
2462220270
2462225041
2462226247
2462235602
2462236514
2462236574
2462236926
2462237604
2462237646
2462240172
2462241654
2462243886
2462244594
2462246155
2462247602
2462249545
2462250541
2462252785
2462253156
2462255232
2462255713
2462256698
2462257639
2462257808
2462257860
2462258784
2462259770
2462260218
2462260782
2462261233
2462262366
2462262943
2462263626
2462264016
2462264858
2462265739
2462266406
2462268626
2462268721
2462269081
2462271432
2462271510
2462273851
2462273910
2462273946
2462274350
2462274722
2462274954
2462275537
2462275688
2462279100
2462281202
2462283342
2462289031
2462289854
2462290098
2462290452
2462290705
2462292890
2462294940
2462296597
2462297029
2462298133
2462298158
2462298253
2462299892
2462301390
2462302093
2462304235
2462306119
2462307349
2462308848
2462309142
2462309586
2462310060
2462310163
2462310343
2462310584
2462311802
2462311891
2462315894
2462321658
2462321888
2462322276
2462322776
2462322907
2462323380
2462323704
2462324226
2462329086
2462333634
2462334104
2462335178
2462335351
2462337092
2462337630
2462337642
2462337834
2462337841
2462341284
2462341380
2462342214
2462342293
2462342648
2462344716
2462344760
2462345660
2462347116
2462347740
2462347992
2462348690
2462348870
2462350969
2462350998
2462354539
2462355427
2462356410
2462356988
2462358751
2462360605
2462361265
2462363126
2462363803
2462363826
2462365032
2462366958
2462369222
2462369857
2462370086
2462371982
2462372167
2462372340
2462372570
2462374364
2462375508
2462375606
2462377021
2462378870
2462379487
2462380010
2462380014
2462381202
2462381568
2462381864
2462383909
2462383944
2462385536
2462385960
2462386609
2462387059
2462387202
2462388973
2462389153
2462389206
2462389232
2462390844
2462392148
2462393388
2462393599
2462393977
2462394132
2462394758
2462395345
2462402113
2462404153
2462404207
2462406186
2462408684
2462409241
2462409361
2462411408
2462412163
2462412187
2462414917
2462415530
2462418536
2462418877
2462419580
2462420100
2462422488
2462423328
2462424380
2462425176
2462426292
2462427446
2462429581
2462433020
2462433104
2462433188
2462434776
2462435430
2462435490
2462436475
2462437591
2462437933
2462438701
2462438744
2462443711
2462445085
2462447474
2462448876
2462450599
2462450862
2462451847
2462452717
2462452922
2462453054
2462454595
2462455248
2462457091
2462458268
2462458844
2462459137
2462459180
2462463032
2462463600
2462465064
2462465461
2462467004
2462468408
2462471826
2462472854
2462473051
2462473267
2462473560
2462474329
2462474598
2462475798
2462476285
2462477532
2462478787
2462478805
2462478949
2462481055
2462482680
2462485434
2462485658
2462486089
2462486299
2462489934
2462490390
2462493134
2462494652
2462495221
2462495550
2462496962
2462497982
2462499601
2462499732
2462504738
2462504874
2462505182
2462510155
2462512220
2462513022
2462514156
2462515124
2462519544
2462520174
2462520902
2462521789
2462524100
2462525682
2462527362
2462527430
2462529230
2462529662
2462530423
2462532127
2462532996
2462533646
2462533772
2462534142
2462535025
2462537358
2462538140
2462539536
2462539609
2462542472
2462546497
2462546689
2462547132
2462547175
2462547319
2462548262
2462548698
2462549978
2462551687
2462552761
2462552965
2462553476
2462555011
2462558461
2462562824
2462564652
2462566172
2462567911
2462569195
2462570660
2462572470
2462573761
2462574396
2462574516
2462574536
2462574889
2462577098
2462579131
2462579646
2462580157
2462580162
2462580517
2462582526
2462582641
2462583793
2462584038
2462585840
2462586002
2462587154
2462587262
2462589084
2462590837
2462592144
2462594370
2462597064
2462597504
2462601636
2462602524
2462602554
2462603017
2462604732
2462605584
2462607276
2462607583
2462609012
2462611232
2462611716
2462611843
2462614640
2462615288
2462618246
2462619996
2462620874
2462621210
2462621720
2462623640
2462627413
2462628769
2462629189
2462633311
2462636611
2462636762
2462636828
2462638838
2462641280
2462642358
2462644980
2462645804
2462647748
2462649504
2462653380
2462659742
2462661378
2462661584
2462663328
2462664775
2462665195
2462666484
2462669120
2462672792
2462676776
2462677087
2462677310
2462678198
2462678924
2462681118
2462683148
2462684929
2462685206
2462686969
2462687858
2462688500
2462692081
2462695884
2462697864
2462698447
2462698639
2462699936
2462700278
2462701201
2462702886
2462704148
2462704393
2462705582
2462706236
2462707880
2462708466
2462709138
2462709265
2462712061
2462712162
2462713579
2462716610
2462717095
2462717209
2462718344
2462728248
2462729360
2462731146
2462731328
2462731560
2462734566
2462736426
2462739920
2462740040
2462740164
2462743046
2462744269
2462746272
2462748445
2462750011
2462751972
2462754258
2462760444
2462760529
2462761927
2462763834
2462764584
2462765078
2462765737
2462765869
2462766432
2462767039
2462767579
2462768791
2462769558
2462770800
2462772512
2462773675
2462775660
2462775793
2462777167
2462777534
2462778240
2462780918
2462782944
2462783966
2462785224
2462788230
2462788896
2462791694
2462792366
2462796277
2462798239
2462799211
2462802104
2462803060
2462803063
2462805150
2462806118
2462806573
2462807299
2462808068
2462809998
2462811326
2462812549
2462813575
2462813576
2462815897
2462817343
2462817734
2462818664
2462819718
2462821549
2462824608
2462831996
2462836843
2462838714
2462843780
2462844320
2462845280
2462846448
2462847169
2462852192
2462854657
2462855912
2462857166
2462859420
2462862325
2462862962
2462863266
2462864244
2462870017
2462872860
2462873784
2462875057
2462876167
2462876431
2462876588
2462882784
2462883708
2462884435
2462884855
2462885034
2462887597
2462889511
2462906510
2462906546
2462906846
2462908603
2462912906
2462914586
2462916006
2462917794
2462919134
2462921012
2462923447
2462925140
2462929512
2462931979
2462933227
2462935051
2462936071
2462940644
2462941446
2462941681
2462942329
2462944262
2462945754
2462945916
2462949498
2462950556
2462954310
2462956190
2462956399
2462958403
2462959525
2462960310
2462967829
2462968128
2462968789
2462969786
2462970799
2462971801
2462972779
2462977110
2462978816
2462978882
2462983892
2462986416
2462987209
2462992177
2462994691
2462994698
2462995862
2462996208
2462997996
2462998788
2463000366
2463001772
2463002606
2463004987
2463005586
2463006415
2463008294
2463010464
2463013662
2463014677
2463015704
2463018708
2463024943
2463028825
2463029694
2463036984
2463037506
2463039624
2463040646
2463045482
2463045728
2463047636
2463048594
2463051456
2463051962
2463056024
2463059786
2463060019
2463062083
2463067292
2463067376
2463067915
2463068130
2463068798
2463071774
2463073266
2463075698
2463079045
2463079651
2463080472
2463081252
2463084252
2463087084
2463090590
2463092701
2463096307
2463101257
2463102212
2463102752
2463104000
2463107467
2463108146
2463108582
2463111360
2463112692
2463117439
2463117608
2463118807
2463121789
2463125184
2463127003
2463128558
2463130442
2463133050
2463137708
2463138493
2463139495
2463139891
2463146484
2463149112
2463151826
2463154050
2463154568
2463154626
2463154765
2463155809
2463157992
2463159936
2463160286
2463160585
2463163944
2463164252
2463165200
2463165282
2463165913
2463166471
2463166856
2463166946
2463168348
2463171690
2463175220
2463175573
2463175783
2463175921
2463176161
2463177444
2463180674
2463182148
2463184741
2463185107
2463185862
2463188305
2463189336
2463189882
2463191622
2463192589
2463195708
2463196274
2463199430
2463199579
2463205579
2463207764
2463208140
2463208159
2463209642
2463210876
2463214477
2463217704
2463219229
2463219704
2463223951
2463224461
2463226969
2463227936
2463231924
2463236204
2463240955
2463241854
2463241956
2463242785
2463243559
2463246163
2463246570
2463247111
2463248420
2463250776
2463253592
2463253788
2463254832
2463255360
2463255414
2463257449
2463257624
2463257744
2463258979
2463259218
2463260400
2463260982
2463260988
2463261320
2463262460
2463263659
2463265092
2463266952
2463267523
2463268070
2463268459
2463269754
2463274580
2463280639
2463280681
2463281515
2463282150
2463284118
2463285710
2463287918
2463288618
2463288763
2463289130
2463290078
2463294715
2463295476
2463297354
2463297865
2463302736
2463304393
2463307286
2463310992
2463313231
2463314540
2463314634
2463323316
2463324506
2463325932
2463327464
2463328638
2463339680
2463340850
2463341342
2463342151
2463342829
2463344359
2463346957
2463347104
2463348428
2463349236
2463350196
2463350474
2463351842
2463354686
2463356377
2463357216
2463359263
2463361825
2463362137
2463364332
2463365107
2463366164
2463366925
2463367249
2463370092
2463370760
2463372355
2463373938
2463374023
2463374160
2463376038
2463376231
2463377528
2463378966
2463379758
2463380942
2463381080
2463381576
2463384366
2463385855
2463388357
2463389630
2463390253
2463390846
2463397579
2463397921
2463402326
2463402558
2463406730
2463407016
2463407203
2463407300
2463408528
2463409112
2463409819
2463410431
2463410876
2463412087
2463412627
2463414740
2463416755
2463416791
2463416906
2463423698
2463426404
2463427572
2463427754
2463431724
2463432596
2463435354
2463438980
2463439824
2463440011
2463441884
2463442100
2463442591
2463443161
2463445765
2463447619
2463452827
2463589965
2463607715
2464025531
2465348207
2465821912
2467743201
2468255367
2468515505
2468610538
2469471663
2470360817
2471069476
2471617323
2473630107
2474974204
2476303049
2476474750
2476932706
2478687225
2479848796
2480525662
2481558251
2482545706
2483187813
2484208756
2484986955
2485263814
2485348265
2486126187
2486362383
2486411483
2486462643
2486526185
2486555819
2486739009
2486863905
2487015675
2487171345
2487712689
2488594084
2489961316
2490133281
2490948340
2491070489
2491445818
2492156613
2492164271
2492372266
2492705241
2492772477
2492792937
2492832615
2492897121
2493001997
2493288388
2493292703
2493352660
2493481569
2493743128
2493867112
2494577091
2494658057
2494800869
2495820923
2496217049
2496317481
2496569866
2497255253
2497362773
2497374778
2497456804
2497859434
2498020198
2498318500
2498405579
2498924074
2500028997
2500248100
2500291875
2500315161
2500358175
2500821046
2500893142
2500917977
2500956323
2501223718
2501275090
2501385544
2501631887
2502061395
2502298065
2502354100
2502355311
2502363761
2502380999
2502389146
2502443302
2502494481
2502524487
2502578889
2502605651
2502660467
2502665727
2502678448
2502767740
2502788121
2502814175
2502916828
2502921369
2502940138
2502952666
2503004687
2503165899
2503365934
2503389137
2503509897
2503526987
2503593009
2503784590
2503944797
2504074827
2504076748
2504103261
2504141945
2504159387
2504291038
2504369692
2504428037
2504499448
2504513002
2504513541
2504565011
2504626391
2504690243
2504725522
2504727808
2504730010
2504731858
2504791535
2504847676
2504900981
2504917119
2505007023
2505039231
2505057539
2505075075
2505077123
2505084749
2505089193
2505102665
2505130834
2505150173
2505160636
2505168251
2505264393
2505268821
2505285401
2505285472
2505313515
2505320896
2505339088
2505363093
2505369633
2505416165
2505420430
2505605355
2505650937
2505681453
2505701225
2505720137
2505793720
2505865720
2505880359
2505947848
2505989632
2505992571
2505992847
2506001129
2506007362
2506024498
2506025782
2506038581
2506041634
2506043236
2506060648
2506068718
2506069275
2506076333
2506090984
2506100561
2506103987
2506108683
2506112501
2506121055
2506123943
2506129390
2506133386
2506137657
2506138443
2506141330
2506161689
2506176695
2506178393
2506192263
2506208507
2506218190
2506219768
2506223535
2506227227
2506240089
2506255564
2506257982
2506263707
2506285365
2506286062
2506297769
2506317712
2506325134
2506334020
2506336703
2506338897
2506342385
2506351859
2506353051
2506355775
2506364597
2506367128
2506369036
2506372210
2506377189
2506405265
2506406224
2506406260
2506406673
2506413851
2506428263
2506429791
2506450960
2506453059
2506474654
2506477737
2506483367
2506488946
2506510882
2506519642
2506526373
2506533413
2506543499
2506545407
2506554605
2506555583
2506574003
2506581491
2506593489
2506604079
2506620988
2506625657
2506631963
2506634278
2506635825
2506638695
2506639161
2506654829
2506658823
2506663419
2506668251
2506671243
2506697194
2506703325
2506716743
2506720444
2506724897
2506727303
2506727482
2506733368
2506734791
2506740899
2506750889
2506752975
2506762677
2506766321
2506771463
2506776237
2506783798
2506784116
2506785196
2506792971
2506795679
2506799512
2506802836
2506804324
2506805361
2506809886
2506814861
2506819612
2506823133
2506825331
2506827633
2506831353
2506834073
2506836448
2506838253
2506845927
2506850303
2506870653
2506870672
2506876816
2506878125
2506880505
2506897181
2506898567
2506903647
2506906162
2506908593
2506909707
2506914394
2506915601
2506922487
2506931140
2506933175
2506945475
2506946517
2506955902
2506960631
2506967393
2506975012
2506975612
2506978534
2506979535
2506981529
2506984059
2506984775
2506998507
2507006763
2507011703
2507021135
2507022525
2507033415
2507033627
2507037095
2507039104
2507058316
2507059193
2507086577
2507091593
2507093032
2507094455
2507101247
2507106844
2507114585
2507115976
2507122077
2507131019
2507131317
2507134144
2507134643
2507142003
2507145959
2507148465
2507152805
2507154293
2507156453
2507163221
2507187341
2507191528
2507195847
2507197491
2507205533
2507208647
2507210163
2507224276
2507230114
2507247503
2507248978
2507263139
2507265827
2507268375
2507268515
2507281185
2507281846
2507284695
2507287481
2507287762
2507291345
2507291795
2507292353
2507295832
2507296306
2507322479
2507325105
2507327525
2507336691
2507337837
2507340587
2507344779
2507347587
2507347611
2507350559
2507351896
2507354830
2507360716
2507367796
2507368931
2507370064
2507380449
2507386655
2507390158
2507390308
2507394441
2507394593
2507395335
2507395809
2507402897
2507405015
2507406399
2507414014
2507424874
2507427238
2507432920
2507438253
2507439118
2507456817
2507458371
2507460831
2507462427
2507470547
2507471205
2507479613
2507489223
2507489692
2507498002
2507509515
2507509529
2507510290
2507511485
2507511783
2507512498
2507517443
2507520418
2507520537
2507525829
2507544262
2507544484
2507547088
2507552711
2507559861
2507564235
2507572265
2507576518
2507576661
2507585344
2507601437
2507627633
2507635594
2507648699
2507649249
2507656516
2507666055
2507692216
2507696555
2507706700
2507706827
2507729530
2507731389
2507735860
2507759913
2507763993
2507775705
2507779954
2507812335
2507824636
2507840434
2507849596
2507860481
2507870967
2507904466
2507927915
2507931203
2507939560
2507945349
2507945674
2507947025
2507964137
2507979795
2507992269
2507993381
2508050991
2508051940
2508063711
2508089381
2508092974
2508105370
2508124509
2508130325
2508132653
2508146507
2508170705
2508203735
2508217024
2508238361
2508239249
2508243089
2508253401
2508255687
2508268684
2508272032
2508277300
2508278722
2508288652
2508288952
2508303939
2508339250
2508340498
2508347525
2508374393
2508377434
2508379719
2508383452
2508389627
2508434909
2508438131
2508439931
2508444328
2508462627
2508463707
2508469535
2508471425
2508483231
2508489065
2508493943
2508521901
2508522243
2508523558
2508525640
2508525689
2508533195
2508556169
2508576399
2508588693
2508611487
2508617709
2508641392
2508643415
2508671451
2508697642
