268985502
324423146
262531583
25398075
380755758
54951973
205415788
50811932
18697876
76274014
635091503
817684782
170122283
340519788
32765534
37774152
34430522
20416406
25100180
53853197
114836738
37367041
28669612
35982046
150846769
336737783
16190898
18783665
931279394
80700514
117778179
248900032
26289746
122024226
38127255
148781366
174384814
34862549
24278900
133143832
27952119
168933374
29347330
209807195
401673529
159115240
246500501
32309662
14295156
35089990
1007506423
146397367
30083940
23083404
121552003
965069131
376017060
67792139
26257166
20518710
20567939
259379883
21447363
17790274
28006093
85603854
409486555
155620016
17021505
55935024
76834934
71088774
63291287
41293395
245620874
53153263
3004231
61355746
79293791
22940219
15588657
30080029
35163573
40908929
8318902
29247252
97137152
72741997
19923144
2557521
249478402
497000666
890891
268439864
29341990
24967668
29330030
38531995
20177956
42384760
27649623
133880286
21622407
14920785
32683258
23856081
31355401
86844359
15473781
24629940
438128416
19280376
472623389
122533830
285282053
237930644
37204091
290137174
72915722
57097104
571083342
46306646
238253340
229219088
395610034
205373019
35787166
116325068
23702397
30152403
110827653
18948541
326508924
31644736
44569879
164430244
14515734
238020959
20638192
80188345
255288945
253659152
97107304
21705616
36679267
24876575
62373285
141664648
86763393
32703313
77383832
222113787
428701725
438940967
494732077
471703054
590597335
365095764
346289745
116362700
342327238
110066518
159892326
18121619
63551372
19671129
39634561
47186755
16331010
138600717
22470256
248325825
611251184
22657153
22527671
620091833
412549497
720995892
709373636
302123233
25306199
637153528
397486370
171766473
226352342
46759069
245613565
21218098
280314367
279283587
17878322
131032547
274663752
121666316
31036645
264474488
45695883
231529797
23748699
58598187
84358766
108388673
24822280
502918946
124235439
18584795
62584929
135649140
59283767
265232350
177289171
346223982
370310851
372947317
169686021
45403946
38957399
38974889
56518880
80367297
372085521
18351037
340380997
62432717
37370920
78120081
20788087
228253809
66345626
28407845
31270759
32473040
27928857
244300446
258560059
25158003
182727643
54455390
250831586
14377243
34335556
207716641
200329893
41716273
29576485
146580077
37786155
21425125
14085570
14830193
129688514
28471026
24447737
209993019
44741078
175485798
148975526
186094747
26053643
52174408
56736161
36557032
29225234
21932669
35479533
114619432
33045719
28927293
16922661
31708205
27539038
23457671
56854084
19374728
90089026
27260086
40985090
15268881
45412239
158012697
68307227
14079852
160045521
18091282
17828988
32883001
17113664
88616681
55962007
68719292
14392405
132339474
55965247
41987973
121101838
10146382
38479216
39448610
121921821
78036433
26687733
127938924
127085483
55396775
127024280
17735258
98178977
16662161
23444974
20473382
47830772
35094637
26516984
74332458
34658446
19058681
18467383
16203586
21735888
7040932
14543415
27445760
54575503
25956325
16279692
47410431
17211634
32503911
37546294
16810233
16991258
18027632
24103559
16558408
24713918
26575859
20956598
19210897
46281092
43141162
28542325
14245202
19395407
26927038
34689371
23502877
34630995
16812787
18605510
18496391
39730630
15026391
19813389
17396212
27546002
18679553
40986548
14185624
17917899
15040301
43831550
2024211
38014811
16300462
19513874
19734259
20946107
19915637
28451418
33206456
38114757
17947351
19723736
42169135
15090913
28840663
27991444
21255118
41741884
41743277
41742529
27643363
39471274
19894549
39471261
23797835
19835881
17560096
38369268
21050436
34980427
14091221
21086093
22738950
21234899
29546945
30782495
36050163
16228398
36878507
18395177
23832022
6017542
7282592
16827489
291
7376382
27115071
18222378
27153298
31920384
35124301
34812470
35124718
35124771
26145853
34874716
26316348
26316417
20516445
26316772
26254724
17910893
26316507
26314692
26093797
26311234
18083462
2546441
15723576
15650200
19707615
20175817
19460725
22959489
19619049
23758078
22530945
14484168
22457777
19533142
22458821
18911620
22067587
19230782
20582018
24156249
24156303
24155293
20969376
20132199
24093355
16740221
20666146
23561655
23569320
23568918
23569739
23569774
21844237
17767496
780457
18420140
17266725
21155137
21845135
21845184
21844966
21691588
21845001
21845068
21845055
16857381
14604426
21844982
21845081
21845078
16345421
13471032
18032175
17229219
17644044
15378805
722053
15789689
18084470
17526643
14679731
18088242
15457083
18414300
18462696
18273175
1559741
10134092
16492859
14638048
20
10202
15475959
16727535
13477702
16809744
10091542
15984695
18393013
11284462
17761049
18743091
17539527
14550406
14109043
17529966
13865472
16010744
15104723
17549284
17000762
16527238
13076902
1808781
14836781
17194296
17799644
14829309
14181953
17800124
17800146
6279162
11564132
17800093
17594945
14758912
17474888
17800320
17768720
46333
14070525
14665860
17658668
15360536
15754060
17262272
11151452
13695452
17800665
17800329
7393312
14663924
15725218
17800289
7305282
8843442
12242912
17791345
17164573
15474120
17800815
9908752
17502552
15451129
8449542
5124341
15887328
5191441
16380868
6018232
15899440
16977179
17479886
15089764
14036552
11550392
14357604
14177099
1769091
798536
13696632
16162886
5989492
16570424
16187514
17581130
6784672
14426346
755697
16781767
16029894
12126902
14928429
14093319
11736812
14071771
17580843
14317603
17022540
15816167
8079892
16515111
15496864
15221655
14245299
14517911
16213209
14728428
7333632
13058972
17467141
8318022
15919069
14140147
16640997
17443917
17564301
14497789
1467621
17582266
14296436
13900042
800195
14158259
13578592
6396432
15094049
783938
16857151
17582499
15831359
10859652
16882364
16810197
14199972
9247192
16392105
5754732
10202342
15786957
16990812
17578105
17546495
6535242
16710435
2154361
16189084
15110250
1920191
804998
15371041
15807682
17058553
794633
1330471
15042867
17567743
15815223
13715172
17583772
13373672
16196449
10376602
7451382
14728168
11203792
9902522
15911200
14063155
16007593
11847592
14769239
9454022
787473
15372555
16372394
988961
16300538
16244661
17501082
17224684
15231174
16533350
14770012
11306742
10386892
14308014
13911262
5688972
15303087
14235350
16150371
16003805
15013821
17259137
92303
7029452
14364970
12891562
2345021
14442501
15622088
17027705
15423405
14516218
16422891
14824356
14000452
15371220
6790312
16976254
11808172
15118057
15721628
3479891
14273981
15276480
14472038
14800679
11559782
16299945
17533918
53793
17533835
14913755
16079412
2136401
5187911
15520666
10465022
10261302
11858882
16314044
14451426
15588295
16967393
17294796
10170892
16009795
7703
7554992
12695
8071952
1820881
344833
1201331
13025282
2434021
17460229
7505952
16208372
1610391
15221873
17533652
1216691
7521812
1399851
10115142
11828512
7117302
14159633
14225146
14066023
11513182
774842
17349190
15899827
17505685
17433624
14405064
12889232
14612788
16343608
11032482
16009065
16732360
15960923
15434432
3815041
11894422
1481401
11828972
17020488
15098460
9987762
15905702
16140008
17499097
14149492
14530895
2127931
17499204
14471008
16650388
14062113
15900167
17008256
15733483
14703157
16459100
5442012
17477976
15253419
14728469
16377400
16523664
395724260
2464071758
2464032559
364582675
338597208
2509787920
61980512
295294343
95560439
